mse: 0.008075058013714024
signal2noise: 6.774640800807474
psnr: 69.25034590047126
